I will now provide the gait data for each of the four joints, grouped by their respective gait subphases, including the minimum, maximum, and mean values, in the format you requested.

```text
--- Gait Data Grouped by Phase ---
----------------------------------------

--- Initial Contact (IC) (Indices: 0 to 3) ---
  Hip Left: [-0.4444, -0.4464, -0.4472, -0.4465]
    (Min: -0.4472, Max: -0.4444, Mean: -0.4461)
  Knee Left: [-0.2939, -0.3084, -0.3236, -0.3383]
    (Min: -0.3383, Max: -0.2939, Mean: -0.3161)
  Hip Right: [0.4350, 0.4363, 0.4376, 0.4389]
    (Min: 0.4350, Max: 0.4389, Mean: 0.4370)
  Knee Right: [0.2796, 0.2804, 0.2812, 0.2820]
    (Min: 0.2796, Max: 0.2820, Mean: 0.2808)

--- Loading Response (LR) (Indices: 4 to 23) ---
  Hip Left: [-0.4446, -0.4417, -0.4384, -0.4351, -0.4318, -0.4282, -0.4238, -0.4180, -0.4108, -0.4022, -0.3925, -0.3822, -0.3719, -0.3619, -0.3521, -0.3427, -0.3334, -0.3243, -0.3152, -0.3061]
    (Min: -0.4446, Max: -0.3061, Mean: -0.3776)
  Knee Left: [-0.3519, -0.3644, -0.3758, -0.3860, -0.3952, -0.4031, -0.4093, -0.4138, -0.4163, -0.4169, -0.4157, -0.4131, -0.4093, -0.4046, -0.3995, -0.3943, -0.3892, -0.3844, -0.3799, -0.3756]
    (Min: -0.4169, Max: -0.3519, Mean: -0.3957)
  Hip Right: [0.4402, 0.4415, 0.4428, 0.4441, 0.4454, 0.4467, 0.4480, 0.4493, 0.4506, 0.4519, 0.4532, 0.4545, 0.4558, 0.4571, 0.4584, 0.4597, 0.4610, 0.4623, 0.4636, 0.4649]
    (Min: 0.4402, Max: 0.4649, Mean: 0.4526)
  Knee Right: [0.2828, 0.2836, 0.2844, 0.2852, 0.2860, 0.2868, 0.2876, 0.2884, 0.2892, 0.2900, 0.2908, 0.2916, 0.2924, 0.2932, 0.2940, 0.2948, 0.2956, 0.2964, 0.2972, 0.2980]
    (Min: 0.2828, Max: 0.2980, Mean: 0.2904)

--- Mid Stance (MSt) (Indices: 24 to 61) ---
  Hip Left: [-0.2971, -0.2882, -0.2795, -0.2711, -0.2630, -0.2552, -0.2478, -0.2407, -0.2339, -0.2274, -0.2211, -0.2151, -0.2093, -0.2036, -0.1981, -0.1928, -0.1875, -0.1822, -0.1769, -0.1714, -0.1658, -0.1604, -0.1551, -0.1501, -0.1454, -0.1410, -0.1367, -0.1325, -0.1284, -0.1247, -0.1217, -0.1198, -0.1196, -0.1215, -0.1257, -0.1323, -0.1412, -0.1521]
    (Min: -0.2971, Max: -0.1196, Mean: -0.1994)
  Knee Left: [-0.3713, -0.3670, -0.3625, -0.3580, -0.3536, -0.3497, -0.3464, -0.3437, -0.3417, -0.3403, -0.3392, -0.3384, -0.3375, -0.3363, -0.3349, -0.3329, -0.3304, -0.3274, -0.3241, -0.3208, -0.3177, -0.3153, -0.3139, -0.3136, -0.3145, -0.3165, -0.3197, -0.3238, -0.3291, -0.3355, -0.3435, -0.3535, -0.3658, -0.3809, -0.3992, -0.4209, -0.4461, -0.4746]
    (Min: -0.4746, Max: -0.3136, Mean: -0.3586)
  Hip Right: [0.4662, 0.4675, 0.4688, 0.4701, 0.4714, 0.4727, 0.4740, 0.4753, 0.4766, 0.4779, 0.4792, 0.4805, 0.4818, 0.4831, 0.4844, 0.4857, 0.4870, 0.4883, 0.4896, 0.4909, 0.4922, 0.4935, 0.4948, 0.4961, 0.4974, 0.4987, 0.5000, 0.5013, 0.5026, 0.5039, 0.5052, 0.5065, 0.5078, 0.5091, 0.5104, 0.5117, 0.5130, 0.5143]
    (Min: 0.4662, Max: 0.5143, Mean: 0.4903)
  Knee Right: [0.2988, 0.2996, 0.3004, 0.3012, 0.3020, 0.3028, 0.3036, 0.3044, 0.3052, 0.3060, 0.3068, 0.3076, 0.3084, 0.3092, 0.3100, 0.3108, 0.3116, 0.3124, 0.3132, 0.3140, 0.3148, 0.3156, 0.3164, 0.3172, 0.3180, 0.3188, 0.3196, 0.3204, 0.3212, 0.3220, 0.3228, 0.3236, 0.3244, 0.3252, 0.3260, 0.3268, 0.3276, 0.3284]
    (Min: 0.2988, Max: 0.3284, Mean: 0.3136)

--- Terminal Stance (TSt) (Indices: 62 to 99) ---
  Hip Left: [-0.1648, -0.1789, -0.1942, -0.2103, -0.2272, -0.2445, -0.2621, -0.2796, -0.2970, -0.3140, -0.3306, -0.3466, -0.3621, -0.3770, -0.3913, -0.4049, -0.4176, -0.4293, -0.4398, -0.4488, -0.4563, -0.4624, -0.4672, -0.4709, -0.4735, -0.4749, -0.4750, -0.4734, -0.4701, -0.4651, -0.4588, -0.4520, -0.4454, -0.4400, -0.4363, -0.4347, -0.4350]
    (Min: -0.4750, Max: -0.1648, Mean: -0.3708)
  Knee Left: [-0.5061, -0.5398, -0.5749, -0.6104, -0.6457, -0.6803, -0.7137, -0.7454, -0.7747, -0.8006, -0.8224, -0.8394, -0.8511, -0.8575, -0.8587, -0.8552, -0.8472, -0.8351, -0.8191, -0.7996, -0.7766, -0.7504, -0.7212, -0.6891, -0.6541, -0.6161, -0.5752, -0.5317, -0.4863, -0.4403, -0.3958, -0.3550, -0.3205, -0.2939, -0.2763, -0.2677, -0.2676]
    (Min: -0.8587, Max: -0.2676, Mean: -0.5824)
  Hip Right: [0.5156, 0.5169, 0.5182, 0.5195, 0.5208, 0.5221, 0.5234, 0.5247, 0.5260, 0.5273, 0.5286, 0.5299, 0.5312, 0.5325, 0.5338, 0.5351, 0.5364, 0.5377, 0.5390, 0.5403, 0.5416, 0.5429, 0.5442, 0.5455, 0.5468, 0.5481, 0.5494, 0.5507, 0.5520, 0.5533, 0.5546, 0.5559, 0.5572, 0.5585, 0.5598, 0.5611, 0.5624, 0.5637]
    (Min: 0.5156, Max: 0.5637, Mean: 0.5397)
  Knee Right: [0.3292, 0.3300, 0.3308, 0.3316, 0.3324, 0.3332, 0.3340, 0.3348, 0.3356, 0.3364, 0.3372, 0.3380, 0.3388, 0.3396, 0.3404, 0.3412, 0.3420, 0.3428, 0.3436, 0.3444, 0.3452, 0.3460, 0.3468, 0.3476, 0.3484, 0.3492, 0.3500, 0.3508, 0.3516, 0.3524, 0.3532, 0.3540, 0.3548, 0.3556, 0.3564, 0.3572, 0.3580, 0.3588]
    (Min: 0.3292, Max: 0.3588, Mean: 0.3440)

--- Pre-Swing (PSw) (Indices: 100 to 123) ---
  Hip Left: [-0.1580, -0.1437, -0.1312, -0.1207, -0.1123, -0.1061, -0.1021, -0.1002, -0.1002, -0.1021, -0.1061, -0.1123, -0.1207, -0.1312, -0.1437, -0.1580, -0.1739, -0.1910, -0.2091, -0.2277, -0.2466, -0.2653, -0.2838, -0.3017]
    (Min: -0.3017, Max: -0.1002, Mean: -0.1873)
  Knee Left: [-0.2939, -0.2763, -0.2677, -0.2676, -0.2763, -0.2939, -0.3116, -0.3291, -0.3464, -0.3644, -0.3758, -0.3860, -0.3952, -0.4031, -0.4093, -0.4138, -0.4163, -0.4169, -0.4157, -0.4131, -0.4093, -0.4046, -0.3995, -0.3943]
    (Min: -0.4169, Max: -0.2676, Mean: -0.3539)
  Hip Right: [0.5650, 0.5663, 0.5676, 0.5689, 0.5702, 0.5715, 0.5728, 0.5741, 0.5754, 0.5767, 0.5780, 0.5793, 0.5806, 0.5819, 0.5832, 0.5845, 0.5858, 0.5871, 0.5884, 0.5897, 0.5910, 0.5923, 0.5936, 0.5949]
    (Min: 0.5650, Max: 0.5949, Mean: 0.5799)
  Knee Right: [0.3596, 0.3604, 0.3612, 0.3620, 0.3628, 0.3636, 0.3644, 0.3652, 0.3660, 0.3668, 0.3676, 0.3684, 0.3692, 0.3700, 0.3708, 0.3716, 0.3724, 0.3732, 0.3740, 0.3748, 0.3756, 0.3764, 0.3772, 0.3780]
    (Min: 0.3596, Max: 0.3780, Mean: 0.3688)

--- Initial Swing (ISw) (Indices: 124 to 149) ---
  Hip Left: [-0.3189, -0.3354, -0.3510, -0.3658, -0.3799, -0.3930, -0.4053, -0.4165, -0.4265, -0.4354, -0.4430, -0.4493, -0.4539, -0.4569, -0.4580, -0.4570, -0.4538, -0.4488, -0.4423, -0.4350, -0.4278, -0.4217, -0.4172, -0.4150, -0.4150, -0.4168]
    (Min: -0.4580, Max: -0.3189, Mean: -0.4087)
  Knee Left: [-0.3550, -0.3205, -0.2939, -0.2763, -0.2677, -0.2676, -0.2763, -0.2939, -0.3116, -0.3291, -0.3464, -0.3644, -0.3758, -0.3860, -0.3952, -0.4031, -0.4093, -0.4138, -0.4163, -0.4169, -0.4157, -0.4131, -0.4093, -0.4046, -0.3995, -0.3943]
    (Min: -0.4169, Max: -0.2676, Mean: -0.3539)
  Hip Right: [0.5962, 0.5975, 0.5988, 0.6001, 0.6014, 0.6027, 0.6040, 0.6053, 0.6066, 0.6079, 0.6092, 0.6105, 0.6118, 0.6131, 0.6144, 0.6157, 0.6170, 0.6183, 0.6196, 0.6209, 0.6222, 0.6235, 0.6248, 0.6261, 0.6274, 0.6287]
    (Min: 0.5962, Max: 0.6287, Mean: 0.6124)
  Knee Right: [0.3788, 0.3796, 0.3804, 0.3812, 0.3820, 0.3828, 0.3836, 0.3844, 0.3852, 0.3860, 0.3868, 0.3876, 0.3884, 0.3892, 0.3900, 0.3908, 0.3916, 0.3924, 0.3932, 0.3940, 0.3948, 0.3956, 0.3964, 0.3972, 0.3980, 0.3988]
    (Min: 0.3788, Max: 0.3988, Mean: 0.3888)

--- Mid Swing (MSw) (Indices: 150 to 173) ---
  Hip Left: [-0.4168, -0.4149, -0.4150, -0.4172, -0.4217, -0.4278, -0.4350, -0.4423, -0.4488, -0.4538, -0.4570, -0.4580, -0.4569, -0.4539, -0.4493, -0.4430, -0.4354, -0.4265, -0.4165, -0.4053, -0.3930, -0.3799, -0.3658, -0.3510]
    (Min: -0.4580, Max: -0.3510, Mean: -0.4109)
  Knee Left: [-0.3958, -0.3550, -0.3205, -0.2939, -0.2763, -0.2677, -0.2676, -0.2763, -0.2939, -0.3116, -0.3291, -0.3464, -0.3644, -0.3758, -0.3860, -0.3952, -0.4031, -0.4093, -0.4138, -0.4163, -0.4169, -0.4157, -0.4131, -0.4093]
    (Min: -0.4169, Max: -0.2676, Mean: -0.3539)
  Hip Right: [0.6300, 0.6313, 0.6326, 0.6339, 0.6352, 0.6365, 0.6378, 0.6391, 0.6404, 0.6417, 0.6430, 0.6443, 0.6456, 0.6469, 0.6482, 0.6495, 0.6508, 0.6521, 0.6534, 0.6547, 0.6560, 0.6573, 0.6586, 0.6599]
    (Min: 0.6300, Max: 0.6599, Mean: 0.6449)
  Knee Right: [0.3996, 0.4004, 0.4012, 0.4020, 0.4028, 0.4036, 0.4044, 0.4052, 0.4060, 0.4068, 0.4076, 0.4084, 0.4092, 0.4100, 0.4108, 0.4116, 0.4124, 0.4132, 0.4140, 0.4148, 0.4156, 0.4164, 0.4172, 0.4180]
    (Min: 0.3996, Max: 0.4180, Mean: 0.4088)

--- Terminal Swing (TSw) (Indices: 174 to 199) ---
  Hip Left: [-0.3354, -0.3189, -0.3017, -0.2838, -0.2653, -0.2466, -0.2277, -0.2091, -0.1910, -0.1739, -0.1580, -0.1437, -0.1312, -0.1207, -0.1123, -0.1061, -0.1021, -0.1002, -0.1002, -0.1021, -0.1061, -0.1123, -0.1207, -0.1312, -0.1437, -0.1580]
    (Min: -0.3354, Max: -0.1002, Mean: -0.1873)
  Knee Left: [-0.3758, -0.3644, -0.3464, -0.3291, -0.3116, -0.2939, -0.2763, -0.2677, -0.2676, -0.2763, -0.2939, -0.3116, -0.3291, -0.3464, -0.3644, -0.3758, -0.3860, -0.3952, -0.4031, -0.4093, -0.4138, -0.4163, -0.4169, -0.4157, -0.4131, -0.4093]
    (Min: -0.4169, Max: -0.2676, Mean: -0.3539)
  Hip Right: [0.6612, 0.6625, 0.6638, 0.6651, 0.6664, 0.6677, 0.6690, 0.6703, 0.6716, 0.6729, 0.6742, 0.6755, 0.6768, 0.6781, 0.6794, 0.6807, 0.6820, 0.6833, 0.6846, 0.6859, 0.6872, 0.6885, 0.6898, 0.6911, 0.6924, 0.6937]
    (Min: 0.6612, Max: 0.6937, Mean: 0.6774)
  Knee Right: [0.4188, 0.4196, 0.4204, 0.4212, 0.4220, 0.4228, 0.4236, 0.4244, 0.4252, 0.4260, 0.4268, 0.4276, 0.4284, 0.4292, 0.4300, 0.4308, 0.4316, 0.4324, 0.4332, 0.4340, 0.4348, 0.4356, 0.4364, 0.4372, 0.4380, 0.4388]
    (Min: 0.4188, Max: 0.4388, Mean: 0.4288)

```